0
0
1
2
1
3
0
2
3
1
3
4
0
2
3
5
0
1
2
3
4
5
6
7
1
3
4
6
8
0
2
3
5
7
8
0
1
2
3
4
5
6
7
8
9
10
1
3
4
6
8
9
11
0
2
3
5
7
8
10
11
1
3
4
6
8
9
11
12
0
2
3
5
7
8
10
11
13
0
1
2
3
4
5
6
7
8
9
10
11
12
13
14
15
1
3
4
6
8
9
11
12
14
16
0
2
3
5
7
8
10
11
13
15
16
1
3
4
6
8
9
11
12
14
16
17
13
15
16
18
13
14
15
16
17
18
19
20
14
16
17
19
21
13
15
16
18
20
21
13
14
15
16
17
18
19
20
21
22
23
14
16
17
19
21
22
24
13
15
16
18
20
21
23
24
14
16
17
19
21
22
24
25
13
15
16
18
20
21
23
24
26
13
14
15
16
17
18
19
20
21
22
23
24
25
26
27
28
14
16
17
19
21
22
24
25
27
29
13
15
16
18
20
21
23
24
26
28
29
14
16
17
19
21
22
24
25
27
29
30
