0 0 1
4 5 6
12 15 16
16 20 21
60 0 5
61 1 6
70 15 20
71 16 21
110 0 15
111 1 16
115 5 20
116 6 21

1 1 2
5 6 7
13 16 17
17 21 22
61 1 6
62 2 7
71 16 21
72 17 22
111 1 16
112 2 17
116 6 21
117 7 22

2 2 3
6 7 8
14 17 18
18 22 23
62 2 7
63 3 8
72 17 22
73 18 23
112 2 17
113 3 18
117 7 22
118 8 23

3 3 4
7 8 9
15 18 19
19 23 24
63 3 8
64 4 9
73 18 23
74 19 24
113 3 18
114 4 19
118 8 23
119 9 24

4 5 6
8 10 11
16 20 21
20 25 26
65 5 10
66 6 11
75 20 25
76 21 26
115 5 20
116 6 21
120 10 25
121 11 26

5 6 7
9 11 12
17 21 22
21 26 27
66 6 11
67 7 12
76 21 26
77 22 27
116 6 21
117 7 22
121 11 26
122 12 27

6 7 8
10 12 13
18 22 23
22 27 28
67 7 12
68 8 13
77 22 27
78 23 28
117 7 22
118 8 23
122 12 27
123 13 28

7 8 9
11 13 14
19 23 24
23 28 29
68 8 13
69 9 14
78 23 28
79 24 29
118 8 23
119 9 24
123 13 28
124 14 29

12 15 16
16 20 21
24 30 31
28 35 36
70 15 20
71 16 21
80 30 35
81 31 36
125 15 30
126 16 31
130 20 35
131 21 36

13 16 17
17 21 22
25 31 32
29 36 37
71 16 21
72 17 22
81 31 36
82 32 37
126 16 31
127 17 32
131 21 36
132 22 37

14 17 18
18 22 23
26 32 33
30 37 38
72 17 22
73 18 23
82 32 37
83 33 38
127 17 32
128 18 33
132 22 37
133 23 38

15 18 19
19 23 24
27 33 34
31 38 39
73 18 23
74 19 24
83 33 38
84 34 39
128 18 33
129 19 34
133 23 38
134 24 39

16 20 21
20 25 26
28 35 36
32 40 41
75 20 25
76 21 26
85 35 40
86 36 41
130 20 35
131 21 36
135 25 40
136 26 41

17 21 22
21 26 27
29 36 37
33 41 42
76 21 26
77 22 27
86 36 41
87 37 42
131 21 36
132 22 37
136 26 41
137 27 42

18 22 23
22 27 28
30 37 38
34 42 43
77 22 27
78 23 28
87 37 42
88 38 43
132 22 37
133 23 38
137 27 42
138 28 43

19 23 24
23 28 29
31 38 39
35 43 44
78 23 28
79 24 29
88 38 43
89 39 44
133 23 38
134 24 39
138 28 43
139 29 44

24 30 31
28 35 36
36 45 46
40 50 51
80 30 35
81 31 36
90 45 50
91 46 51
140 30 45
141 31 46
145 35 50
146 36 51

25 31 32
29 36 37
37 46 47
41 51 52
81 31 36
82 32 37
91 46 51
92 47 52
141 31 46
142 32 47
146 36 51
147 37 52

26 32 33
30 37 38
38 47 48
42 52 53
82 32 37
83 33 38
92 47 52
93 48 53
142 32 47
143 33 48
147 37 52
148 38 53

27 33 34
31 38 39
39 48 49
43 53 54
83 33 38
84 34 39
93 48 53
94 49 54
143 33 48
144 34 49
148 38 53
149 39 54

28 35 36
32 40 41
40 50 51
44 55 56
85 35 40
86 36 41
95 50 55
96 51 56
145 35 50
146 36 51
150 40 55
151 41 56

29 36 37
33 41 42
41 51 52
45 56 57
86 36 41
87 37 42
96 51 56
97 52 57
146 36 51
147 37 52
151 41 56
152 42 57

30 37 38
34 42 43
42 52 53
46 57 58
87 37 42
88 38 43
97 52 57
98 53 58
147 37 52
148 38 53
152 42 57
153 43 58

31 38 39
35 43 44
43 53 54
47 58 59
88 38 43
89 39 44
98 53 58
99 54 59
148 38 53
149 39 54
153 43 58
154 44 59

36 45 46
40 50 51
48 60 61
52 65 66
90 45 50
91 46 51
100 60 65
101 61 66
155 45 60
156 46 61
160 50 65
161 51 66

37 46 47
41 51 52
49 61 62
53 66 67
91 46 51
92 47 52
101 61 66
102 62 67
156 46 61
157 47 62
161 51 66
162 52 67

38 47 48
42 52 53
50 62 63
54 67 68
92 47 52
93 48 53
102 62 67
103 63 68
157 47 62
158 48 63
162 52 67
163 53 68

39 48 49
43 53 54
51 63 64
55 68 69
93 48 53
94 49 54
103 63 68
104 64 69
158 48 63
159 49 64
163 53 68
164 54 69

40 50 51
44 55 56
52 65 66
56 70 71
95 50 55
96 51 56
105 65 70
106 66 71
160 50 65
161 51 66
165 55 70
166 56 71

41 51 52
45 56 57
53 66 67
57 71 72
96 51 56
97 52 57
106 66 71
107 67 72
161 51 66
162 52 67
166 56 71
167 57 72

42 52 53
46 57 58
54 67 68
58 72 73
97 52 57
98 53 58
107 67 72
108 68 73
162 52 67
163 53 68
167 57 72
168 58 73

43 53 54
47 58 59
55 68 69
59 73 74
98 53 58
99 54 59
108 68 73
109 69 74
163 53 68
164 54 69
168 58 73
169 59 74

