0 1 1 1
1 3 1 1
2 5 1 1
3 7 1 1
4 9 1 1
5 11 1 1
6 13 1 1
7 15 1 1
8 17 1 1
9 19 1 1
10 21 1 1
11 1 3 1
12 3 3 1
13 5 3 1
14 7 3 1
15 9 3 1
16 11 3 1
17 13 3 1
18 15 3 1
19 17 3 1
20 19 3 1
21 21 3 1
22 1 5 1
23 3 5 1
24 5 5 1
25 7 5 1
26 9 5 1
27 11 5 1
28 13 5 1
29 15 5 1
30 17 5 1
31 19 5 1
32 21 5 1
33 1 7 1
34 3 7 1
35 5 7 1
36 7 7 1
37 9 7 1
38 11 7 1
39 13 7 1
40 15 7 1
41 17 7 1
42 19 7 1
43 21 7 1
44 1 9 1
45 3 9 1
46 5 9 1
47 7 9 1
48 9 9 1
49 11 9 1
50 13 9 1
51 15 9 1
52 17 9 1
53 19 9 1
54 21 9 1
55 1 11 1
56 3 11 1
57 5 11 1
58 7 11 1
59 9 11 1
60 11 11 1
61 13 11 1
62 15 11 1
63 17 11 1
64 19 11 1
65 21 11 1
66 1 13 1
67 3 13 1
68 5 13 1
69 7 13 1
70 9 13 1
71 11 13 1
72 13 13 1
73 15 13 1
74 17 13 1
75 19 13 1
76 21 13 1
77 1 15 1
78 3 15 1
79 5 15 1
80 7 15 1
81 9 15 1
82 11 15 1
83 13 15 1
84 15 15 1
85 17 15 1
86 19 15 1
87 21 15 1
88 1 17 1
89 3 17 1
90 5 17 1
91 7 17 1
92 9 17 1
93 11 17 1
94 13 17 1
95 15 17 1
96 17 17 1
97 19 17 1
98 21 17 1
99 1 19 1
100 3 19 1
101 5 19 1
102 7 19 1
103 9 19 1
104 11 19 1
105 13 19 1
106 15 19 1
107 17 19 1
108 19 19 1
109 21 19 1
110 1 21 1
111 3 21 1
112 5 21 1
113 7 21 1
114 9 21 1
115 11 21 1
116 13 21 1
117 15 21 1
118 17 21 1
119 19 21 1
120 21 21 1
121 1 1 3
122 3 1 3
123 5 1 3
124 7 1 3
125 9 1 3
126 11 1 3
127 13 1 3
128 15 1 3
129 17 1 3
130 19 1 3
131 21 1 3
132 1 3 3
133 3 3 3
134 5 3 3
135 7 3 3
136 9 3 3
137 11 3 3
138 13 3 3
139 15 3 3
140 17 3 3
141 19 3 3
142 21 3 3
143 1 5 3
144 3 5 3
145 5 5 3
146 7 5 3
147 9 5 3
148 11 5 3
149 13 5 3
150 15 5 3
151 17 5 3
152 19 5 3
153 21 5 3
154 1 7 3
155 3 7 3
156 5 7 3
157 7 7 3
158 9 7 3
159 11 7 3
160 13 7 3
161 15 7 3
162 17 7 3
163 19 7 3
164 21 7 3
165 1 9 3
166 3 9 3
167 5 9 3
168 7 9 3
169 9 9 3
170 11 9 3
171 13 9 3
172 15 9 3
173 17 9 3
174 19 9 3
175 21 9 3
176 1 11 3
177 3 11 3
178 5 11 3
179 7 11 3
180 9 11 3
181 11 11 3
182 13 11 3
183 15 11 3
184 17 11 3
185 19 11 3
186 21 11 3
187 1 13 3
188 3 13 3
189 5 13 3
190 7 13 3
191 9 13 3
192 11 13 3
193 13 13 3
194 15 13 3
195 17 13 3
196 19 13 3
197 21 13 3
198 1 15 3
199 3 15 3
200 5 15 3
201 7 15 3
202 9 15 3
203 11 15 3
204 13 15 3
205 15 15 3
206 17 15 3
207 19 15 3
208 21 15 3
209 1 17 3
210 3 17 3
211 5 17 3
212 7 17 3
213 9 17 3
214 11 17 3
215 13 17 3
216 15 17 3
217 17 17 3
218 19 17 3
219 21 17 3
220 1 19 3
221 3 19 3
222 5 19 3
223 7 19 3
224 9 19 3
225 11 19 3
226 13 19 3
227 15 19 3
228 17 19 3
229 19 19 3
230 21 19 3
231 1 21 3
232 3 21 3
233 5 21 3
234 7 21 3
235 9 21 3
236 11 21 3
237 13 21 3
238 15 21 3
239 17 21 3
240 19 21 3
241 21 21 3
242 1 1 5
243 3 1 5
244 5 1 5
245 7 1 5
246 9 1 5
247 11 1 5
248 13 1 5
249 15 1 5
250 17 1 5
251 19 1 5
252 21 1 5
253 1 3 5
254 3 3 5
255 5 3 5
256 7 3 5
257 9 3 5
258 11 3 5
259 13 3 5
260 15 3 5
261 17 3 5
262 19 3 5
263 21 3 5
264 1 5 5
265 3 5 5
266 5 5 5
267 7 5 5
268 9 5 5
269 11 5 5
270 13 5 5
271 15 5 5
272 17 5 5
273 19 5 5
274 21 5 5
275 1 7 5
276 3 7 5
277 5 7 5
278 7 7 5
279 9 7 5
280 11 7 5
281 13 7 5
282 15 7 5
283 17 7 5
284 19 7 5
285 21 7 5
286 1 9 5
287 3 9 5
288 5 9 5
289 7 9 5
290 9 9 5
291 11 9 5
292 13 9 5
293 15 9 5
294 17 9 5
295 19 9 5
296 21 9 5
297 1 11 5
298 3 11 5
299 5 11 5
300 7 11 5
301 9 11 5
302 11 11 5
303 13 11 5
304 15 11 5
305 17 11 5
306 19 11 5
307 21 11 5
308 1 13 5
309 3 13 5
310 5 13 5
311 7 13 5
312 9 13 5
313 11 13 5
314 13 13 5
315 15 13 5
316 17 13 5
317 19 13 5
318 21 13 5
319 1 15 5
320 3 15 5
321 5 15 5
322 7 15 5
323 9 15 5
324 11 15 5
325 13 15 5
326 15 15 5
327 17 15 5
328 19 15 5
329 21 15 5
330 1 17 5
331 3 17 5
332 5 17 5
333 7 17 5
334 9 17 5
335 11 17 5
336 13 17 5
337 15 17 5
338 17 17 5
339 19 17 5
340 21 17 5
341 1 19 5
342 3 19 5
343 5 19 5
344 7 19 5
345 9 19 5
346 11 19 5
347 13 19 5
348 15 19 5
349 17 19 5
350 19 19 5
351 21 19 5
352 1 21 5
353 3 21 5
354 5 21 5
355 7 21 5
356 9 21 5
357 11 21 5
358 13 21 5
359 15 21 5
360 17 21 5
361 19 21 5
362 21 21 5
363 1 1 7
364 3 1 7
365 5 1 7
366 7 1 7
367 9 1 7
368 11 1 7
369 13 1 7
370 15 1 7
371 17 1 7
372 19 1 7
373 21 1 7
374 1 3 7
375 3 3 7
376 5 3 7
377 7 3 7
378 9 3 7
379 11 3 7
380 13 3 7
381 15 3 7
382 17 3 7
383 19 3 7
384 21 3 7
385 1 5 7
386 3 5 7
387 5 5 7
388 7 5 7
389 9 5 7
390 11 5 7
391 13 5 7
392 15 5 7
393 17 5 7
394 19 5 7
395 21 5 7
396 1 7 7
397 3 7 7
398 5 7 7
399 7 7 7
400 9 7 7
401 11 7 7
402 13 7 7
403 15 7 7
404 17 7 7
405 19 7 7
406 21 7 7
407 1 9 7
408 3 9 7
409 5 9 7
410 7 9 7
411 9 9 7
412 11 9 7
413 13 9 7
414 15 9 7
415 17 9 7
416 19 9 7
417 21 9 7
418 1 11 7
419 3 11 7
420 5 11 7
421 7 11 7
422 9 11 7
423 11 11 7
424 13 11 7
425 15 11 7
426 17 11 7
427 19 11 7
428 21 11 7
429 1 13 7
430 3 13 7
431 5 13 7
432 7 13 7
433 9 13 7
434 11 13 7
435 13 13 7
436 15 13 7
437 17 13 7
438 19 13 7
439 21 13 7
440 1 15 7
441 3 15 7
442 5 15 7
443 7 15 7
444 9 15 7
445 11 15 7
446 13 15 7
447 15 15 7
448 17 15 7
449 19 15 7
450 21 15 7
451 1 17 7
452 3 17 7
453 5 17 7
454 7 17 7
455 9 17 7
456 11 17 7
457 13 17 7
458 15 17 7
459 17 17 7
460 19 17 7
461 21 17 7
462 1 19 7
463 3 19 7
464 5 19 7
465 7 19 7
466 9 19 7
467 11 19 7
468 13 19 7
469 15 19 7
470 17 19 7
471 19 19 7
472 21 19 7
473 1 21 7
474 3 21 7
475 5 21 7
476 7 21 7
477 9 21 7
478 11 21 7
479 13 21 7
480 15 21 7
481 17 21 7
482 19 21 7
483 21 21 7
484 1 1 9
485 3 1 9
486 5 1 9
487 7 1 9
488 9 1 9
489 11 1 9
490 13 1 9
491 15 1 9
492 17 1 9
493 19 1 9
494 21 1 9
495 1 3 9
496 3 3 9
497 5 3 9
498 7 3 9
499 9 3 9
500 11 3 9
501 13 3 9
502 15 3 9
503 17 3 9
504 19 3 9
505 21 3 9
506 1 5 9
507 3 5 9
508 5 5 9
509 7 5 9
510 9 5 9
511 11 5 9
512 13 5 9
513 15 5 9
514 17 5 9
515 19 5 9
516 21 5 9
517 1 7 9
518 3 7 9
519 5 7 9
520 7 7 9
521 9 7 9
522 11 7 9
523 13 7 9
524 15 7 9
525 17 7 9
526 19 7 9
527 21 7 9
528 1 9 9
529 3 9 9
530 5 9 9
531 7 9 9
532 9 9 9
533 11 9 9
534 13 9 9
535 15 9 9
536 17 9 9
537 19 9 9
538 21 9 9
539 1 11 9
540 3 11 9
541 5 11 9
542 7 11 9
543 9 11 9
544 11 11 9
545 13 11 9
546 15 11 9
547 17 11 9
548 19 11 9
549 21 11 9
550 1 13 9
551 3 13 9
552 5 13 9
553 7 13 9
554 9 13 9
555 11 13 9
556 13 13 9
557 15 13 9
558 17 13 9
559 19 13 9
560 21 13 9
561 1 15 9
562 3 15 9
563 5 15 9
564 7 15 9
565 9 15 9
566 11 15 9
567 13 15 9
568 15 15 9
569 17 15 9
570 19 15 9
571 21 15 9
572 1 17 9
573 3 17 9
574 5 17 9
575 7 17 9
576 9 17 9
577 11 17 9
578 13 17 9
579 15 17 9
580 17 17 9
581 19 17 9
582 21 17 9
583 1 19 9
584 3 19 9
585 5 19 9
586 7 19 9
587 9 19 9
588 11 19 9
589 13 19 9
590 15 19 9
591 17 19 9
592 19 19 9
593 21 19 9
594 1 21 9
595 3 21 9
596 5 21 9
597 7 21 9
598 9 21 9
599 11 21 9
600 13 21 9
601 15 21 9
602 17 21 9
603 19 21 9
604 21 21 9
605 1 1 11
606 3 1 11
607 5 1 11
608 7 1 11
609 9 1 11
610 11 1 11
611 13 1 11
612 15 1 11
613 17 1 11
614 19 1 11
615 21 1 11
616 1 3 11
617 3 3 11
618 5 3 11
619 7 3 11
620 9 3 11
621 11 3 11
622 13 3 11
623 15 3 11
624 17 3 11
625 19 3 11
626 21 3 11
627 1 5 11
628 3 5 11
629 5 5 11
630 7 5 11
631 9 5 11
632 11 5 11
633 13 5 11
634 15 5 11
635 17 5 11
636 19 5 11
637 21 5 11
638 1 7 11
639 3 7 11
640 5 7 11
641 7 7 11
642 9 7 11
643 11 7 11
644 13 7 11
645 15 7 11
646 17 7 11
647 19 7 11
648 21 7 11
649 1 9 11
650 3 9 11
651 5 9 11
652 7 9 11
653 9 9 11
654 11 9 11
655 13 9 11
656 15 9 11
657 17 9 11
658 19 9 11
659 21 9 11
660 1 11 11
661 3 11 11
662 5 11 11
663 7 11 11
664 9 11 11
665 11 11 11
666 13 11 11
667 15 11 11
668 17 11 11
669 19 11 11
670 21 11 11
671 1 13 11
672 3 13 11
673 5 13 11
674 7 13 11
675 9 13 11
676 11 13 11
677 13 13 11
678 15 13 11
679 17 13 11
680 19 13 11
681 21 13 11
682 1 15 11
683 3 15 11
684 5 15 11
685 7 15 11
686 9 15 11
687 11 15 11
688 13 15 11
689 15 15 11
690 17 15 11
691 19 15 11
692 21 15 11
693 1 17 11
694 3 17 11
695 5 17 11
696 7 17 11
697 9 17 11
698 11 17 11
699 13 17 11
700 15 17 11
701 17 17 11
702 19 17 11
703 21 17 11
704 1 19 11
705 3 19 11
706 5 19 11
707 7 19 11
708 9 19 11
709 11 19 11
710 13 19 11
711 15 19 11
712 17 19 11
713 19 19 11
714 21 19 11
715 1 21 11
716 3 21 11
717 5 21 11
718 7 21 11
719 9 21 11
720 11 21 11
721 13 21 11
722 15 21 11
723 17 21 11
724 19 21 11
725 21 21 11
726 1 1 13
727 3 1 13
728 5 1 13
729 7 1 13
730 9 1 13
731 11 1 13
732 13 1 13
733 15 1 13
734 17 1 13
735 19 1 13
736 21 1 13
737 1 3 13
738 3 3 13
739 5 3 13
740 7 3 13
741 9 3 13
742 11 3 13
743 13 3 13
744 15 3 13
745 17 3 13
746 19 3 13
747 21 3 13
748 1 5 13
749 3 5 13
750 5 5 13
751 7 5 13
752 9 5 13
753 11 5 13
754 13 5 13
755 15 5 13
756 17 5 13
757 19 5 13
758 21 5 13
759 1 7 13
760 3 7 13
761 5 7 13
762 7 7 13
763 9 7 13
764 11 7 13
765 13 7 13
766 15 7 13
767 17 7 13
768 19 7 13
769 21 7 13
770 1 9 13
771 3 9 13
772 5 9 13
773 7 9 13
774 9 9 13
775 11 9 13
776 13 9 13
777 15 9 13
778 17 9 13
779 19 9 13
780 21 9 13
781 1 11 13
782 3 11 13
783 5 11 13
784 7 11 13
785 9 11 13
786 11 11 13
787 13 11 13
788 15 11 13
789 17 11 13
790 19 11 13
791 21 11 13
792 1 13 13
793 3 13 13
794 5 13 13
795 7 13 13
796 9 13 13
797 11 13 13
798 13 13 13
799 15 13 13
800 17 13 13
801 19 13 13
802 21 13 13
803 1 15 13
804 3 15 13
805 5 15 13
806 7 15 13
807 9 15 13
808 11 15 13
809 13 15 13
810 15 15 13
811 17 15 13
812 19 15 13
813 21 15 13
814 1 17 13
815 3 17 13
816 5 17 13
817 7 17 13
818 9 17 13
819 11 17 13
820 13 17 13
821 15 17 13
822 17 17 13
823 19 17 13
824 21 17 13
825 1 19 13
826 3 19 13
827 5 19 13
828 7 19 13
829 9 19 13
830 11 19 13
831 13 19 13
832 15 19 13
833 17 19 13
834 19 19 13
835 21 19 13
836 1 21 13
837 3 21 13
838 5 21 13
839 7 21 13
840 9 21 13
841 11 21 13
842 13 21 13
843 15 21 13
844 17 21 13
845 19 21 13
846 21 21 13
847 1 1 15
848 3 1 15
849 5 1 15
850 7 1 15
851 9 1 15
852 11 1 15
853 13 1 15
854 15 1 15
855 17 1 15
856 19 1 15
857 21 1 15
858 1 3 15
859 3 3 15
860 5 3 15
861 7 3 15
862 9 3 15
863 11 3 15
864 13 3 15
865 15 3 15
866 17 3 15
867 19 3 15
868 21 3 15
869 1 5 15
870 3 5 15
871 5 5 15
872 7 5 15
873 9 5 15
874 11 5 15
875 13 5 15
876 15 5 15
877 17 5 15
878 19 5 15
879 21 5 15
880 1 7 15
881 3 7 15
882 5 7 15
883 7 7 15
884 9 7 15
885 11 7 15
886 13 7 15
887 15 7 15
888 17 7 15
889 19 7 15
890 21 7 15
891 1 9 15
892 3 9 15
893 5 9 15
894 7 9 15
895 9 9 15
896 11 9 15
897 13 9 15
898 15 9 15
899 17 9 15
900 19 9 15
901 21 9 15
902 1 11 15
903 3 11 15
904 5 11 15
905 7 11 15
906 9 11 15
907 11 11 15
908 13 11 15
909 15 11 15
910 17 11 15
911 19 11 15
912 21 11 15
913 1 13 15
914 3 13 15
915 5 13 15
916 7 13 15
917 9 13 15
918 11 13 15
919 13 13 15
920 15 13 15
921 17 13 15
922 19 13 15
923 21 13 15
924 1 15 15
925 3 15 15
926 5 15 15
927 7 15 15
928 9 15 15
929 11 15 15
930 13 15 15
931 15 15 15
932 17 15 15
933 19 15 15
934 21 15 15
935 1 17 15
936 3 17 15
937 5 17 15
938 7 17 15
939 9 17 15
940 11 17 15
941 13 17 15
942 15 17 15
943 17 17 15
944 19 17 15
945 21 17 15
946 1 19 15
947 3 19 15
948 5 19 15
949 7 19 15
950 9 19 15
951 11 19 15
952 13 19 15
953 15 19 15
954 17 19 15
955 19 19 15
956 21 19 15
957 1 21 15
958 3 21 15
959 5 21 15
960 7 21 15
961 9 21 15
962 11 21 15
963 13 21 15
964 15 21 15
965 17 21 15
966 19 21 15
967 21 21 15
968 1 1 17
969 3 1 17
970 5 1 17
971 7 1 17
972 9 1 17
973 11 1 17
974 13 1 17
975 15 1 17
976 17 1 17
977 19 1 17
978 21 1 17
979 1 3 17
980 3 3 17
981 5 3 17
982 7 3 17
983 9 3 17
984 11 3 17
985 13 3 17
986 15 3 17
987 17 3 17
988 19 3 17
989 21 3 17
990 1 5 17
991 3 5 17
992 5 5 17
993 7 5 17
994 9 5 17
995 11 5 17
996 13 5 17
997 15 5 17
998 17 5 17
999 19 5 17
1000 21 5 17
1001 1 7 17
1002 3 7 17
1003 5 7 17
1004 7 7 17
1005 9 7 17
1006 11 7 17
1007 13 7 17
1008 15 7 17
1009 17 7 17
1010 19 7 17
1011 21 7 17
1012 1 9 17
1013 3 9 17
1014 5 9 17
1015 7 9 17
1016 9 9 17
1017 11 9 17
1018 13 9 17
1019 15 9 17
1020 17 9 17
1021 19 9 17
1022 21 9 17
1023 1 11 17
1024 3 11 17
1025 5 11 17
1026 7 11 17
1027 9 11 17
1028 11 11 17
1029 13 11 17
1030 15 11 17
1031 17 11 17
1032 19 11 17
1033 21 11 17
1034 1 13 17
1035 3 13 17
1036 5 13 17
1037 7 13 17
1038 9 13 17
1039 11 13 17
1040 13 13 17
1041 15 13 17
1042 17 13 17
1043 19 13 17
1044 21 13 17
1045 1 15 17
1046 3 15 17
1047 5 15 17
1048 7 15 17
1049 9 15 17
1050 11 15 17
1051 13 15 17
1052 15 15 17
1053 17 15 17
1054 19 15 17
1055 21 15 17
1056 1 17 17
1057 3 17 17
1058 5 17 17
1059 7 17 17
1060 9 17 17
1061 11 17 17
1062 13 17 17
1063 15 17 17
1064 17 17 17
1065 19 17 17
1066 21 17 17
1067 1 19 17
1068 3 19 17
1069 5 19 17
1070 7 19 17
1071 9 19 17
1072 11 19 17
1073 13 19 17
1074 15 19 17
1075 17 19 17
1076 19 19 17
1077 21 19 17
1078 1 21 17
1079 3 21 17
1080 5 21 17
1081 7 21 17
1082 9 21 17
1083 11 21 17
1084 13 21 17
1085 15 21 17
1086 17 21 17
1087 19 21 17
1088 21 21 17
1089 1 1 19
1090 3 1 19
1091 5 1 19
1092 7 1 19
1093 9 1 19
1094 11 1 19
1095 13 1 19
1096 15 1 19
1097 17 1 19
1098 19 1 19
1099 21 1 19
1100 1 3 19
1101 3 3 19
1102 5 3 19
1103 7 3 19
1104 9 3 19
1105 11 3 19
1106 13 3 19
1107 15 3 19
1108 17 3 19
1109 19 3 19
1110 21 3 19
1111 1 5 19
1112 3 5 19
1113 5 5 19
1114 7 5 19
1115 9 5 19
1116 11 5 19
1117 13 5 19
1118 15 5 19
1119 17 5 19
1120 19 5 19
1121 21 5 19
1122 1 7 19
1123 3 7 19
1124 5 7 19
1125 7 7 19
1126 9 7 19
1127 11 7 19
1128 13 7 19
1129 15 7 19
1130 17 7 19
1131 19 7 19
1132 21 7 19
1133 1 9 19
1134 3 9 19
1135 5 9 19
1136 7 9 19
1137 9 9 19
1138 11 9 19
1139 13 9 19
1140 15 9 19
1141 17 9 19
1142 19 9 19
1143 21 9 19
1144 1 11 19
1145 3 11 19
1146 5 11 19
1147 7 11 19
1148 9 11 19
1149 11 11 19
1150 13 11 19
1151 15 11 19
1152 17 11 19
1153 19 11 19
1154 21 11 19
1155 1 13 19
1156 3 13 19
1157 5 13 19
1158 7 13 19
1159 9 13 19
1160 11 13 19
1161 13 13 19
1162 15 13 19
1163 17 13 19
1164 19 13 19
1165 21 13 19
1166 1 15 19
1167 3 15 19
1168 5 15 19
1169 7 15 19
1170 9 15 19
1171 11 15 19
1172 13 15 19
1173 15 15 19
1174 17 15 19
1175 19 15 19
1176 21 15 19
1177 1 17 19
1178 3 17 19
1179 5 17 19
1180 7 17 19
1181 9 17 19
1182 11 17 19
1183 13 17 19
1184 15 17 19
1185 17 17 19
1186 19 17 19
1187 21 17 19
1188 1 19 19
1189 3 19 19
1190 5 19 19
1191 7 19 19
1192 9 19 19
1193 11 19 19
1194 13 19 19
1195 15 19 19
1196 17 19 19
1197 19 19 19
1198 21 19 19
1199 1 21 19
1200 3 21 19
1201 5 21 19
1202 7 21 19
1203 9 21 19
1204 11 21 19
1205 13 21 19
1206 15 21 19
1207 17 21 19
1208 19 21 19
1209 21 21 19
1210 1 1 21
1211 3 1 21
1212 5 1 21
1213 7 1 21
1214 9 1 21
1215 11 1 21
1216 13 1 21
1217 15 1 21
1218 17 1 21
1219 19 1 21
1220 21 1 21
1221 1 3 21
1222 3 3 21
1223 5 3 21
1224 7 3 21
1225 9 3 21
1226 11 3 21
1227 13 3 21
1228 15 3 21
1229 17 3 21
1230 19 3 21
1231 21 3 21
1232 1 5 21
1233 3 5 21
1234 5 5 21
1235 7 5 21
1236 9 5 21
1237 11 5 21
1238 13 5 21
1239 15 5 21
1240 17 5 21
1241 19 5 21
1242 21 5 21
1243 1 7 21
1244 3 7 21
1245 5 7 21
1246 7 7 21
1247 9 7 21
1248 11 7 21
1249 13 7 21
1250 15 7 21
1251 17 7 21
1252 19 7 21
1253 21 7 21
1254 1 9 21
1255 3 9 21
1256 5 9 21
1257 7 9 21
1258 9 9 21
1259 11 9 21
1260 13 9 21
1261 15 9 21
1262 17 9 21
1263 19 9 21
1264 21 9 21
1265 1 11 21
1266 3 11 21
1267 5 11 21
1268 7 11 21
1269 9 11 21
1270 11 11 21
1271 13 11 21
1272 15 11 21
1273 17 11 21
1274 19 11 21
1275 21 11 21
1276 1 13 21
1277 3 13 21
1278 5 13 21
1279 7 13 21
1280 9 13 21
1281 11 13 21
1282 13 13 21
1283 15 13 21
1284 17 13 21
1285 19 13 21
1286 21 13 21
1287 1 15 21
1288 3 15 21
1289 5 15 21
1290 7 15 21
1291 9 15 21
1292 11 15 21
1293 13 15 21
1294 15 15 21
1295 17 15 21
1296 19 15 21
1297 21 15 21
1298 1 17 21
1299 3 17 21
1300 5 17 21
1301 7 17 21
1302 9 17 21
1303 11 17 21
1304 13 17 21
1305 15 17 21
1306 17 17 21
1307 19 17 21
1308 21 17 21
1309 1 19 21
1310 3 19 21
1311 5 19 21
1312 7 19 21
1313 9 19 21
1314 11 19 21
1315 13 19 21
1316 15 19 21
1317 17 19 21
1318 19 19 21
1319 21 19 21
1320 1 21 21
1321 3 21 21
1322 5 21 21
1323 7 21 21
1324 9 21 21
1325 11 21 21
1326 13 21 21
1327 15 21 21
1328 17 21 21
1329 19 21 21
1330 21 21 21
